addl <- 
c(14, 0, 0, 0, 0, 0, 0, 0, 0, 0, 0, 0, 0, 0, 0, 0, 0, 0, 0, 0, 0, 0, 0, 0, 0, 0, 0, 0, 0, 0,
0, 0, 0, 0, 0, 0, 0, 0, 0, 0, 0, 0, 0, 0, 0, 0, 0, 0, 0, 0, 0, 0, 0, 0, 0, 0, 0, 0, 0, 0, 0, 0, 0, 0,
0, 0, 0, 0, 0, 0, 0, 0, 0, 0, 0, 0, 0, 0, 0)
alphaPrior <- 2e-04
alphaPriorCV <- 0.2
amt <- 
c(80000, 0, 0, 0, 0, 0, 0, 0, 0, 0, 0, 0, 0, 0, 80000, 0, 0, 0, 0, 0, 0, 0, 0, 0, 0, 0, 0, 0,
80000, 0, 80000, 0, 80000, 0, 80000, 0, 80000, 0, 80000, 0, 80000, 0, 80000, 0, 80000, 0, 80000, 0,
80000, 0, 80000, 0, 80000, 0, 0, 0, 0, 0, 0, 0, 0, 0, 0, 0, 0, 0, 0, 0, 0, 0, 0, 0, 0, 0, 0, 0, 0, 0,
0)
circ0Prior <- 5
circ0PriorCV <- 0.2
CLPrior <- 10
CLPriorCV <- 0.1
cmt <- 
c(1, 2, 2, 2, 2, 2, 2, 2, 2, 2, 2, 2, 2, 2, 1, 2, 2, 2, 2, 2, 2, 2, 2, 2, 2, 2, 2, 2, 1, 2, 1,
2, 1, 2, 1, 2, 1, 2, 1, 2, 1, 2, 1, 2, 1, 2, 1, 2, 1, 2, 1, 2, 1, 2, 2, 2, 2, 2, 2, 2, 2, 2, 2, 2, 2,
2, 2, 2, 2, 2, 2, 2, 2, 2, 2, 2, 2, 2, 2)
cObs <- 
c(343.06099200069, 588.109989073485, 841.661714092676, 1187.74560802068, 1229.3949675923,
1349.34364344781, 1110.68156123339, 846.638682601943, 565.244456391022, 354.128743079723,
234.345770153492, 198.754752572485, 157.565428172634, 474.61858390153, 763.922535831775,
946.720315932065, 1322.33319705973, 1461.5711599977, 1386.35152785594, 1244.55761428029,
962.032800008059, 655.859567617605, 481.671364885889, 353.790821667325, 287.667273867671,
243.482026298816, 291.350713147967, 293.214713495917, 336.948349599006, 345.893151845379,
345.220606080413, 343.789220795009, 337.100787644766, 334.890235485141, 321.479915093615,
334.400698200876, 341.016343037261, 348.611473507097, 659.611970622857, 893.362342251566,
1174.25237493577, 1422.12697990029, 1530.98821526405, 1698.36792423692, 1436.46739579725,
1201.79062419963, 789.351608811788, 670.445058960352, 480.069519925241, 430.759552190346,
327.054645467126, 247.124161467158, 181.494594211134)
evid <- 
c(1, 0, 0, 0, 0, 0, 0, 0, 0, 0, 0, 0, 0, 0, 1, 0, 0, 0, 0, 0, 0, 0, 0, 0, 0, 0, 0, 0, 1, 0, 1,
0, 1, 0, 1, 0, 1, 0, 1, 0, 1, 0, 1, 0, 1, 0, 1, 0, 1, 0, 1, 0, 1, 0, 0, 0, 0, 0, 0, 0, 0, 0, 0, 0, 0,
0, 0, 0, 0, 0, 0, 0, 0, 0, 0, 0, 0, 0, 0)
gammaPrior <- 0.17
gammaPriorCV <- 0.2
ii <- 
c(12, 0, 0, 0, 0, 0, 0, 0, 0, 0, 0, 0, 0, 0, 0, 0, 0, 0, 0, 0, 0, 0, 0, 0, 0, 0, 0, 0, 0, 0, 0,
0, 0, 0, 0, 0, 0, 0, 0, 0, 0, 0, 0, 0, 0, 0, 0, 0, 0, 0, 0, 0, 0, 0, 0, 0, 0, 0, 0, 0, 0, 0, 0, 0, 0,
0, 0, 0, 0, 0, 0, 0, 0, 0, 0, 0, 0, 0, 0)
iObsPD <- 
c(2, 34, 42, 50, 69, 70, 71, 72, 73, 74, 75, 76, 77, 78, 79)
iObsPK <- 
c(3, 4, 5, 6, 7, 8, 9, 10, 11, 12, 13, 14, 16, 17, 18, 19, 20, 21, 22, 23, 24, 25, 26, 27,
28, 30, 32, 34, 36, 38, 40, 42, 44, 46, 48, 50, 52, 54, 55, 56, 57, 58, 59, 60, 61, 62, 63, 64, 65, 66,
67, 68, 69)
kaPrior <- 2
kaPriorCV <- 0.16
mttPrior <- 125
mttPriorCV <- 0.2
neutObs <- 
c(5.01747186806045, 4.89868211398891, 4.6766072601077, 4.34061898767181, 3.41005126893329,
2.72796083741777, 2.22654432655747, 2.22762227558488, 2.32377130943448, 2.70988813336306,
3.36183983279966, 4.01451936556391, 5.04538147719379, 4.96281734179849, 5.11314099056719)
nObsPD <- 15
nObsPK <- 53
nt <- 79
QPrior <- 15
QPriorCV <- 0.18
rate <- 
c(0, 0, 0, 0, 0, 0, 0, 0, 0, 0, 0, 0, 0, 0, 0, 0, 0, 0, 0, 0, 0, 0, 0, 0, 0, 0, 0, 0, 0, 0, 0,
0, 0, 0, 0, 0, 0, 0, 0, 0, 0, 0, 0, 0, 0, 0, 0, 0, 0, 0, 0, 0, 0, 0, 0, 0, 0, 0, 0, 0, 0, 0, 0, 0, 0,
0, 0, 0, 0, 0, 0, 0, 0, 0, 0, 0, 0, 0, 0)
ss <- 
c(0, 0, 0, 0, 0, 0, 0, 0, 0, 0, 0, 0, 0, 0, 0, 0, 0, 0, 0, 0, 0, 0, 0, 0, 0, 0, 0, 0, 0, 0, 0,
0, 0, 0, 0, 0, 0, 0, 0, 0, 0, 0, 0, 0, 0, 0, 0, 0, 0, 0, 0, 0, 0, 0, 0, 0, 0, 0, 0, 0, 0, 0, 0, 0, 0,
0, 0, 0, 0, 0, 0, 0, 0, 0, 0, 0, 0, 0, 0)
time <- 
c(0, 0, 0.083, 0.167, 0.25, 0.5, 0.75, 1, 1.5, 2, 3, 4, 6, 8, 12, 12, 12.083, 12.167, 12.25,
12.5, 12.75, 13, 13.5, 14, 15, 16, 18, 20, 24, 24, 36, 36, 48, 48, 60, 60, 72, 72, 84, 84, 96, 96, 108,
108, 120, 120, 132, 132, 144, 144, 156, 156, 168, 168, 168.083, 168.167, 168.25, 168.5, 168.75, 169,
169.5, 170, 171, 172, 174, 176, 180, 186, 192, 240, 288, 336, 384, 432, 480, 528, 576, 624, 672)
VCPrior <- 35
VCPriorCV <- 0.14
VPPrior <- 105
VPPriorCV <- 0.17
