addl <- 
c(0, 0, 0, 0, 0, 0, 0, 0, 0, 0, 0, 0, 0, 0, 0, 0, 0, 0, 0, 0, 0, 0, 0, 0, 0,
0, 0, 0, 0, 0, 0, 0, 0, 0, 0, 0, 0, 0, 0, 0, 0, 0, 0, 0, 0, 0, 0, 0, 0, 0, 0, 0, 0, 0,
0, 0, 0, 0, 0, 0, 0, 0, 0, 0, 0)
alphaPrior <- 2e-04
alphaPriorCV <- 0.2
amt <- 
c(80000, 0, 0, 0, 0, 0, 0, 0, 0, 0, 0, 0, 0, 0, 0, 0, 0, 0, 0, 0, 0, 0, 0, 0,
0, 0, 0, 0, 0, 0, 0, 0, 0, 0, 0, 0, 0, 0, 0, 0, 0, 0, 0, 0, 0, 0, 0, 0, 0, 0, 0, 0, 0,
0, 0, 0, 0, 0, 0, 0, 0, 0, 0, 0, 0)
circ0Prior <- 5
circ0PriorCV <- 0.2
CLPrior <- 10
CLPriorCV <- 0.1
cmt <- 
c(1, 2, 2, 2, 2, 2, 2, 2, 2, 2, 2, 2, 2, 2, 2, 2, 2, 2, 2, 2, 2, 2, 2, 2, 2,
2, 2, 2, 2, 2, 2, 2, 2, 2, 2, 2, 2, 2, 2, 2, 2, 2, 2, 2, 2, 2, 2, 2, 2, 2, 2, 2, 2, 2,
2, 2, 2, 2, 2, 2, 2, 2, 2, 2, 2)
cObs <- 
c(339.193588514969, 609.966602238649, 818.12668954817, 1183.48537273427,
1297.88922146114, 1279.4260585075, 1086.59781397038, 861.944874290777,
535.979443101011, 366.055432430644, 237.825881795301, 196.205424430145,
156.129553375035, 155.462372753907, 154.790841550119, 154.130879283544,
152.163871121219, 150.2269368027, 148.318722116685, 144.583977353947,
140.952123325916, 133.975292441008, 127.354466599948, 115.089395259536,
104.009680593546, 84.949173201811, 46.2827577497198, 25.2161842471333,
13.7385059964484, 7.48513523666104, 4.07811803918652, 2.22187657793471,
1.21054259168515, 0.659538595225329, 0.359335689863127, 0.195776471599002,
0.106664680688379, 0.0581140009663773, 0.0578704122123807, 0.0576249281891621,
0.0573833894306554, 0.0566619632124331, 0.0559496067569933, 0.0552462059256868,
0.0538658224583516, 0.052519929056498, 0.0499281888785347, 0.0474643450284084,
0.0428954129147489, 0.0387662875826567, 0.0316621878183272, 0.023370660659106,
0.017250475154409)
evid <- 
c(1, 0, 0, 0, 0, 0, 0, 0, 0, 0, 0, 0, 0, 0, 0, 0, 0, 0, 0, 0, 0, 0, 0, 0, 0,
0, 0, 0, 0, 0, 0, 0, 0, 0, 0, 0, 0, 0, 0, 0, 0, 0, 0, 0, 0, 0, 0, 0, 0, 0, 0, 0, 0, 0,
0, 0, 0, 0, 0, 0, 0, 0, 0, 0, 0)
gammaPrior <- 0.17
gammaPriorCV <- 0.2
ii <- 
c(0, 0, 0, 0, 0, 0, 0, 0, 0, 0, 0, 0, 0, 0, 0, 0, 0, 0, 0, 0, 0, 0, 0, 0, 0, 0,
0, 0, 0, 0, 0, 0, 0, 0, 0, 0, 0, 0, 0, 0, 0, 0, 0, 0, 0, 0, 0, 0, 0, 0, 0, 0, 0, 0, 0,
0, 0, 0, 0, 0, 0, 0, 0, 0, 0)
iObsPD <- 
c(2, 30, 34, 38, 55, 56, 57, 58, 59, 60, 61, 62, 63, 64, 65)
iObsPK <- 
c(3, 4, 5, 6, 7, 8, 9, 10, 11, 12, 13, 14, 15, 16, 17, 18, 19, 20, 21, 22,
23, 24, 25, 26, 27, 28, 29, 30, 31, 32, 33, 34, 35, 36, 37, 38, 39, 40, 41, 42, 43,
44, 45, 46, 47, 48, 49, 50, 51, 52, 53, 54, 55)
kaPrior <- 2
kaPriorCV <- 0.16
mttPrior <- 125
mttPriorCV <- 0.2
neutObs <- 
c(5, 4.98563914161425, 4.89717260383827, 4.78462214638526,
4.71581521369169, 4.70358826578148, 4.73443171920872, 4.79037955848421,
4.85573599798635, 4.91866096934706, 4.97147283072491, 5.01036785502021,
5.03471265113338, 5.04609995503923, 5.04737901393397)
nObsPD <- 15
nObsPK <- 53
nt <- 65
QPrior <- 15
QPriorCV <- 0.18
rate <- 
c(0, 0, 0, 0, 0, 0, 0, 0, 0, 0, 0, 0, 0, 0, 0, 0, 0, 0, 0, 0, 0, 0, 0, 0, 0,
0, 0, 0, 0, 0, 0, 0, 0, 0, 0, 0, 0, 0, 0, 0, 0, 0, 0, 0, 0, 0, 0, 0, 0, 0, 0, 0, 0, 0,
0, 0, 0, 0, 0, 0, 0, 0, 0, 0, 0)
ss <- 
c(0, 0, 0, 0, 0, 0, 0, 0, 0, 0, 0, 0, 0, 0, 0, 0, 0, 0, 0, 0, 0, 0, 0, 0, 0, 0,
0, 0, 0, 0, 0, 0, 0, 0, 0, 0, 0, 0, 0, 0, 0, 0, 0, 0, 0, 0, 0, 0, 0, 0, 0, 0, 0, 0, 0,
0, 0, 0, 0, 0, 0, 0, 0, 0, 0)
time <- 
c(0, 0, 0.083, 0.167, 0.25, 0.5, 0.75, 1, 1.5, 2, 3, 4, 6, 8, 12, 12.083,
12.167, 12.25, 12.5, 12.75, 13, 13.5, 14, 15, 16, 18, 20, 24, 36, 48, 60, 72, 84, 96,
108, 120, 132, 144, 156, 168, 168.083, 168.167, 168.25, 168.5, 168.75, 169, 169.5,
170, 171, 172, 174, 176, 180, 186, 192, 240, 288, 336, 384, 432, 480, 528, 576, 624,
672)
VCPrior <- 35
VCPriorCV <- 0.14
VPPrior <- 105
VPPriorCV <- 0.17
