alpha <- 0.000163845765060847
circ0 <- 4.9416399834136
CL <- 9.62781635858167
gamma <- 0.15675044563599
ka <- 2.07168559815047
mtt <- 168.84369049243
Q <- 16.2938682942759
sigma <- 0.2
sigmaNeut <- 0.2
VC <- 42.3176552176732
VP <- 108.584677188071
