CLHat <- 10.0443595201135
etaStd <- 
structure(c(0, 0, 0, 0, 0, 0, 0, 0, 0, 0, 0, 0, 0, 0, 0, 0, 0, 0, 0, 0, 0, 0, 0, 0, 0, 0, 0, 0, 0, 0, 0, 0, 0,
0, 0, 0, 0, 0, 0, 0, 0, 0, 0, 0, 0, 0, 0, 0, 0, 0),
.Dim = c(5, 10))
kaHat <- 0.73617503083701
L <- 
structure(c(1, 0, 0, 0, 0, 0, 1, 0, 0, 0, 0, 0, 1, 0, 0, 0, 0, 0, 1, 0, 0, 0, 0, 0, 1),
.Dim = c(5, 5))
logtheta <- 
structure(c(2.21382476368192, 2.21382476368192, 2.21382476368192, 2.21382476368192, 2.21382476368192,
2.21382476368192, 2.21382476368192, 2.21382476368192, 2.21382476368192, 2.21382476368192, 2.97787017640948,
2.97787017640948, 2.97787017640948, 2.97787017640948, 2.97787017640948, 2.97787017640948, 2.97787017640948,
2.97787017640948, 2.97787017640948, 2.97787017640948, 4.14223961231832, 4.14223961231832, 4.14223961231832,
4.14223961231832, 4.14223961231832, 4.14223961231832, 4.14223961231832, 4.14223961231832, 4.14223961231832,
4.14223961231832, 4.04794328549208, 4.04794328549208, 4.04794328549208, 4.04794328549208, 4.04794328549208,
4.04794328549208, 4.04794328549208, 4.04794328549208, 4.04794328549208, 4.04794328549208,
-0.00208260137113214, -0.00208260137113214, -0.00208260137113214, -0.00208260137113214, -0.00208260137113214,
-0.00208260137113214, -0.00208260137113214, -0.00208260137113214, -0.00208260137113214, -0.00208260137113214),
.Dim = c(10, 5))
omega <- 
c(0.248332406789996, 0.454812470660545, 0.534076873643789, 0.660418764327187, 0.0663808891316876)
QHat <- 16.5590939232714
sigma <- 1.29718214820605
V1Hat <- 70.8517315575844
V2Hat <- 54.3756462309643
