CL <- 7.00301169601685
ka <- 1.28323247018437
Q <- 15.8828972057239
sigma <- 1.01959457399789
V1 <- 69.7999061569204
V2 <- 103.182385548157
