addl <- 
c(14, 0, 0, 0, 0, 0, 0, 0, 0, 0, 0, 0, 0, 0, 0, 0, 0, 0, 0, 0, 0, 0,
0, 0, 0, 0, 0, 0, 0, 0, 0, 0, 0, 0, 0, 0, 0, 0, 0, 0, 0, 0, 0, 0, 0, 0, 0, 0,
0, 0, 0, 0, 0, 0)
amt <- 
c(1250, 0, 0, 0, 0, 0, 0, 0, 0, 0, 0, 0, 0, 0, 0, 0, 0, 0, 0, 0, 0, 0,
0, 0, 0, 0, 0, 0, 0, 0, 0, 0, 0, 0, 0, 0, 0, 0, 0, 0, 0, 0, 0, 0, 0, 0, 0, 0,
0, 0, 0, 0, 0, 0)
cmt <- 
c(1, 2, 2, 2, 2, 2, 2, 2, 2, 2, 2, 2, 2, 2, 2, 2, 2, 2, 2, 2, 2, 2, 2,
2, 2, 2, 2, 2, 2, 2, 2, 2, 2, 2, 2, 2, 2, 2, 2, 2, 2, 2, 2, 2, 2, 2, 2, 2, 2,
2, 2, 2, 2, 2)
cObs <- 
c(5.81807045525172, 11.0882231551649, 17.7510840555555,
25.8540915004029, 26.223870790831, 32.5216945843761, 32.0967808792068,
24.2797756558227, 18.171272435868, 11.7448266441765, 6.92697945692521,
5.31528955027986, 4.54171362984485, 5.27016216410288, 10.6993112793171,
15.6038376761134, 20.5759626216539, 27.4274302228582, 37.2264622716671,
36.7083651078811, 41.9033841604943, 29.8644718208145, 19.2764319749511,
16.0916302285645, 9.87424897118083, 6.88068702695028, 9.73758848990372,
9.67580529856083, 11.2756985586138, 9.81067084352964, 12.8688136507219,
11.3813207778622, 12.4337873992625, 11.2182236573522, 12.2211054321458,
12.0568157168237, 11.7787597508502, 10.9864407282896, 12.6191248343016,
16.9751229673856, 23.082718054697, 30.2124887062229, 35.6765408717404,
33.0298957710425, 52.5137873234295, 47.2363696926047, 30.6888447950855,
27.2227793367622, 23.9449372429269, 15.3687480150966, 15.4758508919527,
13.0796837957608, 8.81535364169283)
evid <- 
c(1, 0, 0, 0, 0, 0, 0, 0, 0, 0, 0, 0, 0, 0, 0, 0, 0, 0, 0, 0, 0, 0, 0,
0, 0, 0, 0, 0, 0, 0, 0, 0, 0, 0, 0, 0, 0, 0, 0, 0, 0, 0, 0, 0, 0, 0, 0, 0, 0,
0, 0, 0, 0, 0)
ii <- 
c(12, 0, 0, 0, 0, 0, 0, 0, 0, 0, 0, 0, 0, 0, 0, 0, 0, 0, 0, 0, 0, 0, 0,
0, 0, 0, 0, 0, 0, 0, 0, 0, 0, 0, 0, 0, 0, 0, 0, 0, 0, 0, 0, 0, 0, 0, 0, 0, 0,
0, 0, 0, 0, 0)
iObs <- 
c(2, 3, 4, 5, 6, 7, 8, 9, 10, 11, 12, 13, 14, 15, 16, 17, 18, 19, 20,
21, 22, 23, 24, 25, 26, 27, 28, 29, 30, 31, 32, 33, 34, 35, 36, 37, 38, 39, 40,
41, 42, 43, 44, 45, 46, 47, 48, 49, 50, 51, 52, 53, 54)
nObs <- 53
nt <- 54
rate <- 
c(0, 0, 0, 0, 0, 0, 0, 0, 0, 0, 0, 0, 0, 0, 0, 0, 0, 0, 0, 0, 0, 0, 0,
0, 0, 0, 0, 0, 0, 0, 0, 0, 0, 0, 0, 0, 0, 0, 0, 0, 0, 0, 0, 0, 0, 0, 0, 0, 0,
0, 0, 0, 0, 0)
ss <- 
c(0, 0, 0, 0, 0, 0, 0, 0, 0, 0, 0, 0, 0, 0, 0, 0, 0, 0, 0, 0, 0, 0, 0,
0, 0, 0, 0, 0, 0, 0, 0, 0, 0, 0, 0, 0, 0, 0, 0, 0, 0, 0, 0, 0, 0, 0, 0, 0, 0,
0, 0, 0, 0, 0)
time <- 
c(0, 0.167, 0.25, 0.5, 0.75, 1, 1.5, 2, 3, 4, 6, 8, 10, 12, 12.083,
12.167, 12.25, 12.5, 12.75, 13, 13.5, 14, 15, 16, 18, 20, 24, 36, 48, 60, 72,
84, 96, 108, 120, 132, 144, 156, 168, 168.083, 168.167, 168.25, 168.5, 168.75,
169, 169.5, 170, 171, 172, 174, 176, 180, 186, 192)
