addl <- 
c(0, 0, 0, 0, 0, 0, 0, 0, 0, 0, 0, 0, 0, 0, 0, 0, 0, 0, 0, 0, 0, 0, 0, 0)
amt <- 
c(5000, 0, 0, 0, 0, 0, 0, 0, 0, 0, 0, 0, 0, 0, 0, 0, 0, 0, 0, 0, 0, 0, 0,
0)
cmt <- 
c(1, 2, 2, 2, 2, 2, 2, 2, 2, 2, 2, 2, 2, 2, 2, 2, 2, 2, 2, 2, 2, 2, 2, 2)
cObs <- 
c(60.9640302245219, 82.7418778239141, 91.0189743220179, 111.408995468448,
116.745171771493, 127.13434880168, 119.856713451865, 119.668085339205,
119.413740286347, 125.764014460152, 124.715692378636, 123.207680593691,
115.021965501955, 107.163928619291, 108.484039710274, 48.1864638448059,
31.132743770555, 23.567510656655, 19.3988155727035, 17.1341618696831,
16.1286205651375, 15.606648163353, 13.7170275070741)
evid <- 
c(1, 0, 0, 0, 0, 0, 0, 0, 0, 0, 0, 0, 0, 0, 0, 0, 0, 0, 0, 0, 0, 0, 0, 0)
ii <- 
c(0, 0, 0, 0, 0, 0, 0, 0, 0, 0, 0, 0, 0, 0, 0, 0, 0, 0, 0, 0, 0, 0, 0, 0)
iObs <- 
c(2, 3, 4, 5, 6, 7, 8, 9, 10, 11, 12, 13, 14, 15, 16, 17, 18, 19, 20, 21,
22, 23, 24)
nObs <- 23
nt <- 24
rate <- 
c(0, 0, 0, 0, 0, 0, 0, 0, 0, 0, 0, 0, 0, 0, 0, 0, 0, 0, 0, 0, 0, 0, 0, 0)
ss <- 
c(0, 0, 0, 0, 0, 0, 0, 0, 0, 0, 0, 0, 0, 0, 0, 0, 0, 0, 0, 0, 0, 0, 0, 0)
time <- 
c(0, 0.375, 0.5, 0.625, 0.75, 0.875, 1, 1.125, 1.25, 1.375, 1.5, 1.625,
1.75, 1.875, 2, 4, 6, 8, 10, 12, 14, 16, 18, 20)
