CL <- 7.14105522272469
ka <- 1.05464302848386
Q <- 19.7505005293252
sigma <- 0.966489182326419
V1 <- 66.3558578320389
V2 <- 65.7190135411671
