CL <- 10.5464302848386
ka <- 1.1890350080244
Q <- 18.1219630137799
sigma <- 1.11595546678145
V1 <- 68.0359934303473
V2 <- 67.7836440604535
