nId <- 10
nt <- 690
nObs <- 530
iObs <- c(
  3,   4,   5,   6,   7,   8,   9,  10,  11,  12,  13,  14,  16,  17,  18,  19,  20,  21,
 22,  23,  24,  25,  26,  27,  28,  30,  32,  34,  36,  38,  40,  42,  44,  46,  48,  50,
 52,  54,  55,  56,  57,  58,  59,  60,  61,  62,  63,  64,  65,  66,  67,  68,  69,  72,
 73,  74,  75,  76,  77,  78,  79,  80,  81,  82,  83,  85,  86,  87,  88,  89,  90,  91,
 92,  93,  94,  95,  96,  97,  99, 101, 103, 105, 107, 109, 111, 113, 115, 117, 119, 121,
123, 124, 125, 126, 127, 128, 129, 130, 131, 132, 133, 134, 135, 136, 137, 138, 141, 142,
143, 144, 145, 146, 147, 148, 149, 150, 151, 152, 154, 155, 156, 157, 158, 159, 160, 161,
162, 163, 164, 165, 166, 168, 170, 172, 174, 176, 178, 180, 182, 184, 186, 188, 190, 192,
193, 194, 195, 196, 197, 198, 199, 200, 201, 202, 203, 204, 205, 206, 207, 210, 211, 212,
213, 214, 215, 216, 217, 218, 219, 220, 221, 223, 224, 225, 226, 227, 228, 229, 230, 231,
232, 233, 234, 235, 237, 239, 241, 243, 245, 247, 249, 251, 253, 255, 257, 259, 261, 262,
263, 264, 265, 266, 267, 268, 269, 270, 271, 272, 273, 274, 275, 276, 279, 280, 281, 282,
283, 284, 285, 286, 287, 288, 289, 290, 292, 293, 294, 295, 296, 297, 298, 299, 300, 301,
302, 303, 304, 306, 308, 310, 312, 314, 316, 318, 320, 322, 324, 326, 328, 330, 331, 332,
333, 334, 335, 336, 337, 338, 339, 340, 341, 342, 343, 344, 345, 348, 349, 350, 351, 352,
353, 354, 355, 356, 357, 358, 359, 361, 362, 363, 364, 365, 366, 367, 368, 369, 370, 371,
372, 373, 375, 377, 379, 381, 383, 385, 387, 389, 391, 393, 395, 397, 399, 400, 401, 402,
403, 404, 405, 406, 407, 408, 409, 410, 411, 412, 413, 414, 417, 418, 419, 420, 421, 422,
423, 424, 425, 426, 427, 428, 430, 431, 432, 433, 434, 435, 436, 437, 438, 439, 440, 441,
442, 444, 446, 448, 450, 452, 454, 456, 458, 460, 462, 464, 466, 468, 469, 470, 471, 472,
473, 474, 475, 476, 477, 478, 479, 480, 481, 482, 483, 486, 487, 488, 489, 490, 491, 492,
493, 494, 495, 496, 497, 499, 500, 501, 502, 503, 504, 505, 506, 507, 508, 509, 510, 511,
513, 515, 517, 519, 521, 523, 525, 527, 529, 531, 533, 535, 537, 538, 539, 540, 541, 542,
543, 544, 545, 546, 547, 548, 549, 550, 551, 552, 555, 556, 557, 558, 559, 560, 561, 562,
563, 564, 565, 566, 568, 569, 570, 571, 572, 573, 574, 575, 576, 577, 578, 579, 580, 582,
584, 586, 588, 590, 592, 594, 596, 598, 600, 602, 604, 606, 607, 608, 609, 610, 611, 612,
613, 614, 615, 616, 617, 618, 619, 620, 621, 624, 625, 626, 627, 628, 629, 630, 631, 632,
633, 634, 635, 637, 638, 639, 640, 641, 642, 643, 644, 645, 646, 647, 648, 649, 651, 653,
655, 657, 659, 661, 663, 665, 667, 669, 671, 673, 675, 676, 677, 678, 679, 680, 681, 682,
683, 684, 685, 686, 687, 688, 689, 690)

amt <- c(80000,    0,    0,    0,    0,    0,    0,    0,
         0,    0,    0,    0,    0,    0,80000,    0,    0,
         0,    0,    0,    0,    0,    0,    0,    0,    0,
         0,    0,80000,    0,80000,    0,80000,    0,80000,
         0,80000,    0,80000,    0,80000,    0,80000,
         0,80000,    0,80000,    0,80000,    0,80000,
         0,80000,    0,    0,    0,    0,    0,    0,    0,
         0,    0,    0,    0,    0,    0,    0,    0,
         0,80000,    0,    0,    0,    0,    0,    0,    0,
         0,    0,    0,    0,    0,    0,80000,    0,    0,
         0,    0,    0,    0,    0,    0,    0,    0,    0,
         0,    0,80000,    0,80000,    0,80000,    0,80000,
         0,80000,    0,80000,    0,80000,    0,80000,
         0,80000,    0,80000,    0,80000,    0,80000,
         0,80000,    0,    0,    0,    0,    0,    0,    0,
         0,    0,    0,    0,    0,    0,    0,    0,
         0,80000,    0,    0,    0,    0,    0,    0,    0,
         0,    0,    0,    0,    0,    0,80000,    0,    0,
         0,    0,    0,    0,    0,    0,    0,    0,    0,
         0,    0,80000,    0,80000,    0,80000,    0,80000,
         0,80000,    0,80000,    0,80000,    0,80000,
         0,80000,    0,80000,    0,80000,    0,80000,
         0,80000,    0,    0,    0,    0,    0,    0,    0,
         0,    0,    0,    0,    0,    0,    0,    0,
         0,80000,    0,    0,    0,    0,    0,    0,    0,
         0,    0,    0,    0,    0,    0,80000,    0,    0,
         0,    0,    0,    0,    0,    0,    0,    0,    0,
         0,    0,80000,    0,80000,    0,80000,    0,80000,
         0,80000,    0,80000,    0,80000,    0,80000,
         0,80000,    0,80000,    0,80000,    0,80000,
         0,80000,    0,    0,    0,    0,    0,    0,    0,
         0,    0,    0,    0,    0,    0,    0,    0,
         0,80000,    0,    0,    0,    0,    0,    0,    0,
         0,    0,    0,    0,    0,    0,80000,    0,    0,
         0,    0,    0,    0,    0,    0,    0,    0,    0,
         0,    0,80000,    0,80000,    0,80000,    0,80000,
         0,80000,    0,80000,    0,80000,    0,80000,
         0,80000,    0,80000,    0,80000,    0,80000,
         0,80000,    0,    0,    0,    0,    0,    0,    0,
         0,    0,    0,    0,    0,    0,    0,    0,
         0,80000,    0,    0,    0,    0,    0,    0,    0,
         0,    0,    0,    0,    0,    0,80000,    0,    0,
         0,    0,    0,    0,    0,    0,    0,    0,    0,
         0,    0,80000,    0,80000,    0,80000,    0,80000,
         0,80000,    0,80000,    0,80000,    0,80000,
         0,80000,    0,80000,    0,80000,    0,80000,
         0,80000,    0,    0,    0,    0,    0,    0,    0,
         0,    0,    0,    0,    0,    0,    0,    0,
         0,80000,    0,    0,    0,    0,    0,    0,    0,
         0,    0,    0,    0,    0,    0,80000,    0,    0,
         0,    0,    0,    0,    0,    0,    0,    0,    0,
         0,    0,80000,    0,80000,    0,80000,    0,80000,
         0,80000,    0,80000,    0,80000,    0,80000,
         0,80000,    0,80000,    0,80000,    0,80000,
         0,80000,    0,    0,    0,    0,    0,    0,    0,
         0,    0,    0,    0,    0,    0,    0,    0,
         0,80000,    0,    0,    0,    0,    0,    0,    0,
         0,    0,    0,    0,    0,    0,80000,    0,    0,
         0,    0,    0,    0,    0,    0,    0,    0,    0,
         0,    0,80000,    0,80000,    0,80000,    0,80000,
         0,80000,    0,80000,    0,80000,    0,80000,
         0,80000,    0,80000,    0,80000,    0,80000,
         0,80000,    0,    0,    0,    0,    0,    0,    0,
         0,    0,    0,    0,    0,    0,    0,    0,
         0,80000,    0,    0,    0,    0,    0,    0,    0,
         0,    0,    0,    0,    0,    0,80000,    0,    0,
         0,    0,    0,    0,    0,    0,    0,    0,    0,
         0,    0,80000,    0,80000,    0,80000,    0,80000,
         0,80000,    0,80000,    0,80000,    0,80000,
         0,80000,    0,80000,    0,80000,    0,80000,
         0,80000,    0,    0,    0,    0,    0,    0,    0,
         0,    0,    0,    0,    0,    0,    0,    0,
         0,80000,    0,    0,    0,    0,    0,    0,    0,
         0,    0,    0,    0,    0,    0,80000,    0,    0,
         0,    0,    0,    0,    0,    0,    0,    0,    0,
         0,    0,80000,    0,80000,    0,80000,    0,80000,
         0,80000,    0,80000,    0,80000,    0,80000,
         0,80000,    0,80000,    0,80000,    0,80000,
         0,80000,    0,    0,    0,    0,    0,    0,    0,
         0,    0,    0,    0,    0,    0,    0,    0,    0)

