addl <- 
c(14, 0, 0, 0, 0, 0, 0, 0, 0, 0, 0, 0, 0, 0, 0, 0, 0, 0, 0, 0, 0, 0, 0, 0, 0,
0, 0, 0, 0, 0, 0, 0, 0, 0, 0, 0, 0, 0, 0, 0, 0, 0, 0, 0, 0, 0, 0, 0, 0, 0, 0, 0, 0, 0,
0, 0, 0, 0, 0, 0, 0, 0, 0, 0, 0)
amt <- 
c(80000, 0, 0, 0, 0, 0, 0, 0, 0, 0, 0, 0, 0, 0, 0, 0, 0, 0, 0, 0, 0, 0, 0, 0,
0, 0, 0, 0, 0, 0, 0, 0, 0, 0, 0, 0, 0, 0, 0, 0, 0, 0, 0, 0, 0, 0, 0, 0, 0, 0, 0, 0, 0,
0, 0, 0, 0, 0, 0, 0, 0, 0, 0, 0, 0)
cmt <- 
c(1, 2, 2, 2, 2, 2, 2, 2, 2, 2, 2, 2, 2, 2, 2, 2, 2, 2, 2, 2, 2, 2, 2, 2, 2,
2, 2, 2, 2, 2, 2, 2, 2, 2, 2, 2, 2, 2, 2, 2, 2, 2, 2, 2, 2, 2, 2, 2, 2, 2, 2, 2, 2, 2,
2, 2, 2, 2, 2, 2, 2, 2, 2, 2, 2)
cObs <- 
c(339.585564482617, 634.403293178444, 789.022115543179, 1202.01461701425,
1254.5139416139, 1265.14742913674, 1101.13264367322, 857.801711385138,
552.223515370574, 372.647791006298, 232.087234117732, 190.544622374231,
158.697935310961, 510.627865465494, 795.792381060742, 949.960818143653,
1291.2583053396, 1463.92591579369, 1423.86491852445, 1224.63353469078,
1011.92515080007, 673.189097590971, 509.302785785551, 364.040392598697,
301.821815034723, 246.101419742974, 291.173384644639, 316.594397350872,
313.458406747375, 343.397854077121, 332.245934186038, 356.609388796914,
354.238736207335, 357.711294363745, 357.090380678331, 343.291113481191,
332.863447530352, 335.856807447996, 685.725228186889, 902.706622831237,
1183.96444698448, 1540.67602726189, 1547.48952579896, 1556.08484246455,
1456.59537992659, 1144.52283347966, 855.606754493779, 639.372799610818,
472.915458162587, 434.423421768689, 342.43880406002, 249.774646249868,
194.62817736866)
evid <- 
c(1, 0, 0, 0, 0, 0, 0, 0, 0, 0, 0, 0, 0, 0, 0, 0, 0, 0, 0, 0, 0, 0, 0, 0, 0,
0, 0, 0, 0, 0, 0, 0, 0, 0, 0, 0, 0, 0, 0, 0, 0, 0, 0, 0, 0, 0, 0, 0, 0, 0, 0, 0, 0, 0,
0, 0, 0, 0, 0, 0, 0, 0, 0, 0, 0)
ii <- 
c(12, 0, 0, 0, 0, 0, 0, 0, 0, 0, 0, 0, 0, 0, 0, 0, 0, 0, 0, 0, 0, 0, 0, 0, 0,
0, 0, 0, 0, 0, 0, 0, 0, 0, 0, 0, 0, 0, 0, 0, 0, 0, 0, 0, 0, 0, 0, 0, 0, 0, 0, 0, 0, 0,
0, 0, 0, 0, 0, 0, 0, 0, 0, 0, 0)
iObsPD <- 
c(2, 30, 34, 38, 55, 56, 57, 58, 59, 60, 61, 62, 63, 64, 65)
iObsPK <- 
c(3, 4, 5, 6, 7, 8, 9, 10, 11, 12, 13, 14, 15, 16, 17, 18, 19, 20, 21, 22,
23, 24, 25, 26, 27, 28, 29, 30, 31, 32, 33, 34, 35, 36, 37, 38, 39, 40, 41, 42, 43,
44, 45, 46, 47, 48, 49, 50, 51, 52, 53, 54, 55)
neutObs <- 
c(4.81425767930951, 5.10849496430602, 4.88465881190118, 4.08574158687069,
3.33991337292003, 2.6964831976895, 2.33894093619123, 2.17440040915715,
2.42873397139317, 2.88597263088184, 3.44483945151883, 4.09310897844037,
4.65493031905828, 5.03813438907311, 5.37164330893278)
nObsPD <- 15
nObsPK <- 53
nt <- 65
rate <- 
c(0, 0, 0, 0, 0, 0, 0, 0, 0, 0, 0, 0, 0, 0, 0, 0, 0, 0, 0, 0, 0, 0, 0, 0, 0,
0, 0, 0, 0, 0, 0, 0, 0, 0, 0, 0, 0, 0, 0, 0, 0, 0, 0, 0, 0, 0, 0, 0, 0, 0, 0, 0, 0, 0,
0, 0, 0, 0, 0, 0, 0, 0, 0, 0, 0)
ss <- 
c(0, 0, 0, 0, 0, 0, 0, 0, 0, 0, 0, 0, 0, 0, 0, 0, 0, 0, 0, 0, 0, 0, 0, 0, 0, 0,
0, 0, 0, 0, 0, 0, 0, 0, 0, 0, 0, 0, 0, 0, 0, 0, 0, 0, 0, 0, 0, 0, 0, 0, 0, 0, 0, 0, 0,
0, 0, 0, 0, 0, 0, 0, 0, 0, 0)
time <- 
c(0, 0, 0.083, 0.167, 0.25, 0.5, 0.75, 1, 1.5, 2, 3, 4, 6, 8, 12, 12.083,
12.167, 12.25, 12.5, 12.75, 13, 13.5, 14, 15, 16, 18, 20, 24, 36, 48, 60, 72, 84, 96,
108, 120, 132, 144, 156, 168, 168.083, 168.167, 168.25, 168.5, 168.75, 169, 169.5,
170, 171, 172, 174, 176, 180, 186, 192, 240, 288, 336, 384, 432, 480, 528, 576, 624,
672)
