alpha <- 0.000267286722398172
circ0 <- 5.43585515973333
CL <- 9.30136911506263
gamma <- 0.130113628041214
ka <- 2.38483771367407
mtt <- 80.9529908022698
Q <- 10.9475096297443
sigma <- 0.2
sigmaNeut <- 0.2
VC <- 38.6408833266766
VP <- 97.8429922587471
